[versions]

# Added by buildout at 2017-04-02 17:21:48.412750
zc.recipe.egg = 2.0.3

# Added by buildout at 2018-04-16 19:17:56.096710
Jinja2 = 2.10
MarkupSafe = 1.0
Pillow = 5.1.0
six = 1.11.0
